6
0 92 18 35 26 57
92 0 55 73 97 72
18 55 0 54 21 21
35 73 54 0 37 81
26 97 21 37 0 34
57 72 21 81 34 0
