14
0 30 21 71 33 0 95 95 89 8 5 88 64 96
30 0 25 16 19 15 40 65 92 90 38 21 3 19
21 25 0 16 19 41 25 64 20 8 51 81 19 55
71 16 16 0 12 56 8 43 94 87 55 62 80 41
33 19 19 12 0 79 6 12 87 3 92 64 37 94
0 15 41 56 79 0 48 37 18 10 72 49 56 54
95 40 25 8 6 48 0 86 96 12 59 100 67 43
95 65 64 43 12 37 86 0 25 32 73 30 43 66
89 92 20 94 87 18 96 25 0 12 37 26 24 35
8 90 8 87 3 10 12 32 12 0 78 85 13 17
5 38 51 55 92 72 59 73 37 78 0 67 88 51
88 21 81 62 64 49 100 30 26 85 67 0 64 6
64 3 19 80 37 56 67 43 24 13 88 64 0 65
96 19 55 41 94 54 43 66 35 17 51 6 65 0
